2 0.21484375 0.61328125 0.046875 0.0375
5 0.10390625 0.0828125 0.03125 0.028125
5 0.3578125 0.4453125 0.0234375 0.0421875
5 0.684375 0.31875 0.0171875 0.028125
5 0.6046875 0.04765625 0.0140625 0.028125
2 0.4609375 0.65078125 0.03125 0.196875
5 0.125 0.01875 0.0265625 0.03125
5 0.52890625 0.14609375 0.01875 0.0296875
5 0.70078125 0.4421875 0.028125 0.04375
2 0.4296875 0.4140625 0.03125 0.0421875
2 0.775 0.5734375 0.0265625 0.0265625
5 0.74140625 0.171875 0.025 0.034375
5 0.01484375 0.015625 0.025 0.028125
5 0.56328125 0.275 0.0203125 0.025
5 0.46171875 0.36171875 0.0359375 0.0515625