5 0.67109375 0.60234375 0.040625 0.03984375
5 0.165625 0.1421875 0.01796875 0.04453125
5 0.1484375 0.065625 0.0265625 0.03203125
2 0.9671875 0.7265625 0.065625 0.03984375
5 0.3546875 0.21796875 0.05234375 0.03984375
5 0.0578125 0.26171875 0.03671875 0.0265625
5 0.78046875 0.33671875 0.06875 0.0984375
5 0.1453125 0.265625 0.0640625 0.05703125
5 0.8671875 0.2265625 0.0265625 0.05703125
5 0.41875 0.11015625 0.0359375 0.04296875
5 0.49453125 0.34609375 0.0625 0.0703125
5 0.68046875 0.08828125 0.03203125 0.04296875
5 0.10859375 0.58046875 0.040625 0.03125
2 0.60859375 0.70625 0.20078125 0.0109375
5 0.02890625 0.07890625 0.01875 0.00859375
5 0.0453125 0.21171875 0.02734375 0.02734375
5 0.3328125 0.04140625 0.0328125 0.0203125